{
 "cells": [
  {
   "cell_type": "code",
   "execution_count": 1,
   "metadata": {},
   "outputs": [],
   "source": [
    "from urllib.request import urlopen\n",
    "import requests\n",
    "from bs4 import BeautifulSoup\n",
    "import pandas as pd\n",
    "import matplotlib.pyplot as plot\n",
    "import numpy as np\n",
    "import math"
   ]
  },
  {
   "cell_type": "code",
   "execution_count": 2,
   "metadata": {},
   "outputs": [],
   "source": [
    "team_codes = ['PHI', 'MIL', 'CHI', 'CLE', 'BOS', 'LAC', 'MEM', 'ATL', 'MIA', 'CHO', 'UTA', 'SAC', 'NYK', \n",
    "             'LAL', 'ORL', 'DAL', 'BRK', 'DEN', 'IND', 'NOP', 'DET', 'TOR', 'HOU', 'SAS', 'PHO', 'OKC', \n",
    "             'MIN', 'POR', 'GSW', 'WAS']\n",
    "years = [2018, 2019]\n"
   ]
  },
  {
   "cell_type": "markdown",
   "metadata": {},
   "source": [
    "NOTE: Using the http request method vs the urllib method doesn't make a big difference in runtime. Currently, http request method is commented out. "
   ]
  },
  {
   "cell_type": "code",
   "execution_count": 3,
   "metadata": {},
   "outputs": [],
   "source": [
    "def get_data(year, team, advanced):\n",
    "    \n",
    "    url = \"https://www.basketball-reference.com/teams/{}/{}/gamelog-advanced/\".format(team, year) if advanced else \"https://www.basketball-reference.com/teams/{}/{}/gamelog/\".format(team, year)\n",
    "    page = urlopen(url)\n",
    "    soup = BeautifulSoup(page, 'lxml')\n",
    "    #page = requests.get(url)\n",
    "    #soup = BeautifulSoup(page.content, 'lxml')\n",
    "\n",
    "    headers = [th.getText() for th in soup.findAll('tr', limit=2)[1].findAll('th')]\n",
    "    headers = headers[1:]\n",
    "    if advanced:\n",
    "        headers[len(headers)-1] = 'dFT/FGA'\n",
    "        headers[len(headers)-2] = 'dDRB%'\n",
    "        headers[len(headers)-3] = 'dTOV%'\n",
    "        headers[len(headers)-4] = 'deFG%'\n",
    "    else:\n",
    "        headers[len(headers)-1] = 'dPF'\n",
    "    rows = soup.findAll('tr')[2:]\n",
    "    gamelog = [[td.getText() for td in rows[i].findAll('td')]\n",
    "                for i in range(len(rows))]\n",
    "\n",
    "    stats = pd.DataFrame(gamelog, columns = headers)\n",
    "    stats = stats.dropna()\n",
    "    stats = stats.reset_index(drop=True)\n",
    "\n",
    "    stats = stats.loc[:,~stats.columns.duplicated()]\n",
    "    page.close()\n",
    "    return stats\n",
    "\n",
    "def combined_data(year, team):\n",
    "    basic_table = get_data(year, team, 0)\n",
    "    advanced_table = get_data(year, team, 1)\n",
    "    return pd.concat([basic_table, advanced_table], axis=1, sort=False)\n",
    "    \n",
    "def big_table():\n",
    "    frames = []\n",
    "    for team in team_codes:\n",
    "        for year in years:\n",
    "            frames.append(combined_data(year, team))\n",
    "            \n",
    "    result = pd.concat(frames, ignore_index=True)\n",
    "    return result.loc[:,~result.columns.duplicated()]\n",
    "    \n"
   ]
  },
  {
   "cell_type": "code",
   "execution_count": 4,
   "metadata": {},
   "outputs": [],
   "source": [
    "temp = big_table()"
   ]
  },
  {
   "cell_type": "code",
   "execution_count": 22,
   "metadata": {},
   "outputs": [
    {
     "data": {
      "text/html": [
       "<div>\n",
       "<style scoped>\n",
       "    .dataframe tbody tr th:only-of-type {\n",
       "        vertical-align: middle;\n",
       "    }\n",
       "\n",
       "    .dataframe tbody tr th {\n",
       "        vertical-align: top;\n",
       "    }\n",
       "\n",
       "    .dataframe thead th {\n",
       "        text-align: right;\n",
       "    }\n",
       "</style>\n",
       "<table border=\"1\" class=\"dataframe\">\n",
       "  <thead>\n",
       "    <tr style=\"text-align: right;\">\n",
       "      <th></th>\n",
       "      <th>Tm</th>\n",
       "      <th>FG</th>\n",
       "      <th>FGA</th>\n",
       "      <th>FG%</th>\n",
       "      <th>3P</th>\n",
       "      <th>3PA</th>\n",
       "      <th>3P%</th>\n",
       "      <th>FT</th>\n",
       "      <th>FTA</th>\n",
       "      <th>FT%</th>\n",
       "      <th>ORB</th>\n",
       "      <th>TRB</th>\n",
       "      <th>AST</th>\n",
       "      <th>PF</th>\n",
       "      <th>dPF</th>\n",
       "      <th>2P</th>\n",
       "      <th>2PA</th>\n",
       "      <th>2P%</th>\n",
       "    </tr>\n",
       "  </thead>\n",
       "  <tbody>\n",
       "    <tr>\n",
       "      <th>Tm</th>\n",
       "      <td>1.000000</td>\n",
       "      <td>0.846016</td>\n",
       "      <td>0.333783</td>\n",
       "      <td>0.697524</td>\n",
       "      <td>0.512616</td>\n",
       "      <td>0.223511</td>\n",
       "      <td>0.485915</td>\n",
       "      <td>0.317082</td>\n",
       "      <td>0.275733</td>\n",
       "      <td>0.148915</td>\n",
       "      <td>0.055868</td>\n",
       "      <td>0.151986</td>\n",
       "      <td>0.598109</td>\n",
       "      <td>0.197630</td>\n",
       "      <td>0.219735</td>\n",
       "      <td>0.474270</td>\n",
       "      <td>0.096150</td>\n",
       "      <td>0.518528</td>\n",
       "    </tr>\n",
       "    <tr>\n",
       "      <th>FG</th>\n",
       "      <td>0.846016</td>\n",
       "      <td>1.000000</td>\n",
       "      <td>0.463739</td>\n",
       "      <td>0.774318</td>\n",
       "      <td>0.321288</td>\n",
       "      <td>0.055968</td>\n",
       "      <td>0.383137</td>\n",
       "      <td>-0.157738</td>\n",
       "      <td>-0.162608</td>\n",
       "      <td>-0.009713</td>\n",
       "      <td>0.050793</td>\n",
       "      <td>0.131589</td>\n",
       "      <td>0.653447</td>\n",
       "      <td>0.087147</td>\n",
       "      <td>-0.113067</td>\n",
       "      <td>0.756990</td>\n",
       "      <td>0.345976</td>\n",
       "      <td>0.611685</td>\n",
       "    </tr>\n",
       "    <tr>\n",
       "      <th>FGA</th>\n",
       "      <td>0.333783</td>\n",
       "      <td>0.463739</td>\n",
       "      <td>1.000000</td>\n",
       "      <td>-0.196833</td>\n",
       "      <td>0.116880</td>\n",
       "      <td>0.292369</td>\n",
       "      <td>-0.123293</td>\n",
       "      <td>-0.176675</td>\n",
       "      <td>-0.166233</td>\n",
       "      <td>-0.053827</td>\n",
       "      <td>0.537403</td>\n",
       "      <td>0.435740</td>\n",
       "      <td>0.222181</td>\n",
       "      <td>0.085400</td>\n",
       "      <td>-0.074479</td>\n",
       "      <td>0.373204</td>\n",
       "      <td>0.602820</td>\n",
       "      <td>-0.169588</td>\n",
       "    </tr>\n",
       "    <tr>\n",
       "      <th>FG%</th>\n",
       "      <td>0.697524</td>\n",
       "      <td>0.774318</td>\n",
       "      <td>-0.196833</td>\n",
       "      <td>1.000000</td>\n",
       "      <td>0.272389</td>\n",
       "      <td>-0.144444</td>\n",
       "      <td>0.513022</td>\n",
       "      <td>-0.047302</td>\n",
       "      <td>-0.060102</td>\n",
       "      <td>0.027767</td>\n",
       "      <td>-0.322385</td>\n",
       "      <td>-0.162278</td>\n",
       "      <td>0.563085</td>\n",
       "      <td>0.034415</td>\n",
       "      <td>-0.071934</td>\n",
       "      <td>0.569860</td>\n",
       "      <td>-0.046155</td>\n",
       "      <td>0.800110</td>\n",
       "    </tr>\n",
       "    <tr>\n",
       "      <th>3P</th>\n",
       "      <td>0.512616</td>\n",
       "      <td>0.321288</td>\n",
       "      <td>0.116880</td>\n",
       "      <td>0.272389</td>\n",
       "      <td>1.000000</td>\n",
       "      <td>0.703646</td>\n",
       "      <td>0.693179</td>\n",
       "      <td>-0.094294</td>\n",
       "      <td>-0.107197</td>\n",
       "      <td>0.024153</td>\n",
       "      <td>-0.058414</td>\n",
       "      <td>0.029739</td>\n",
       "      <td>0.436187</td>\n",
       "      <td>0.042535</td>\n",
       "      <td>-0.110537</td>\n",
       "      <td>-0.375571</td>\n",
       "      <td>-0.488106</td>\n",
       "      <td>0.048578</td>\n",
       "    </tr>\n",
       "    <tr>\n",
       "      <th>3PA</th>\n",
       "      <td>0.223511</td>\n",
       "      <td>0.055968</td>\n",
       "      <td>0.292369</td>\n",
       "      <td>-0.144444</td>\n",
       "      <td>0.703646</td>\n",
       "      <td>1.000000</td>\n",
       "      <td>0.004250</td>\n",
       "      <td>-0.058918</td>\n",
       "      <td>-0.062130</td>\n",
       "      <td>0.003920</td>\n",
       "      <td>0.106166</td>\n",
       "      <td>0.143354</td>\n",
       "      <td>0.212124</td>\n",
       "      <td>0.045033</td>\n",
       "      <td>-0.048216</td>\n",
       "      <td>-0.430748</td>\n",
       "      <td>-0.586768</td>\n",
       "      <td>0.086345</td>\n",
       "    </tr>\n",
       "    <tr>\n",
       "      <th>3P%</th>\n",
       "      <td>0.485915</td>\n",
       "      <td>0.383137</td>\n",
       "      <td>-0.123293</td>\n",
       "      <td>0.513022</td>\n",
       "      <td>0.693179</td>\n",
       "      <td>0.004250</td>\n",
       "      <td>1.000000</td>\n",
       "      <td>-0.069856</td>\n",
       "      <td>-0.085560</td>\n",
       "      <td>0.032836</td>\n",
       "      <td>-0.184587</td>\n",
       "      <td>-0.098344</td>\n",
       "      <td>0.389737</td>\n",
       "      <td>0.015663</td>\n",
       "      <td>-0.105546</td>\n",
       "      <td>-0.103331</td>\n",
       "      <td>-0.107944</td>\n",
       "      <td>-0.016409</td>\n",
       "    </tr>\n",
       "    <tr>\n",
       "      <th>FT</th>\n",
       "      <td>0.317082</td>\n",
       "      <td>-0.157738</td>\n",
       "      <td>-0.176675</td>\n",
       "      <td>-0.047302</td>\n",
       "      <td>-0.094294</td>\n",
       "      <td>-0.058918</td>\n",
       "      <td>-0.069856</td>\n",
       "      <td>1.000000</td>\n",
       "      <td>0.929364</td>\n",
       "      <td>0.315545</td>\n",
       "      <td>0.065010</td>\n",
       "      <td>0.072527</td>\n",
       "      <td>-0.146637</td>\n",
       "      <td>0.238140</td>\n",
       "      <td>0.727275</td>\n",
       "      <td>-0.089311</td>\n",
       "      <td>-0.100444</td>\n",
       "      <td>-0.003492</td>\n",
       "    </tr>\n",
       "    <tr>\n",
       "      <th>FTA</th>\n",
       "      <td>0.275733</td>\n",
       "      <td>-0.162608</td>\n",
       "      <td>-0.166233</td>\n",
       "      <td>-0.060102</td>\n",
       "      <td>-0.107197</td>\n",
       "      <td>-0.062130</td>\n",
       "      <td>-0.085560</td>\n",
       "      <td>0.929364</td>\n",
       "      <td>1.000000</td>\n",
       "      <td>-0.033893</td>\n",
       "      <td>0.102399</td>\n",
       "      <td>0.101069</td>\n",
       "      <td>-0.157029</td>\n",
       "      <td>0.254328</td>\n",
       "      <td>0.794633</td>\n",
       "      <td>-0.085174</td>\n",
       "      <td>-0.088921</td>\n",
       "      <td>-0.010481</td>\n",
       "    </tr>\n",
       "    <tr>\n",
       "      <th>FT%</th>\n",
       "      <td>0.148915</td>\n",
       "      <td>-0.009713</td>\n",
       "      <td>-0.053827</td>\n",
       "      <td>0.027767</td>\n",
       "      <td>0.024153</td>\n",
       "      <td>0.003920</td>\n",
       "      <td>0.032836</td>\n",
       "      <td>0.315545</td>\n",
       "      <td>-0.033893</td>\n",
       "      <td>1.000000</td>\n",
       "      <td>-0.081888</td>\n",
       "      <td>-0.055476</td>\n",
       "      <td>0.010720</td>\n",
       "      <td>-0.003043</td>\n",
       "      <td>-0.053231</td>\n",
       "      <td>-0.026172</td>\n",
       "      <td>-0.048849</td>\n",
       "      <td>0.018336</td>\n",
       "    </tr>\n",
       "    <tr>\n",
       "      <th>ORB</th>\n",
       "      <td>0.055868</td>\n",
       "      <td>0.050793</td>\n",
       "      <td>0.537403</td>\n",
       "      <td>-0.322385</td>\n",
       "      <td>-0.058414</td>\n",
       "      <td>0.106166</td>\n",
       "      <td>-0.184587</td>\n",
       "      <td>0.065010</td>\n",
       "      <td>0.102399</td>\n",
       "      <td>-0.081888</td>\n",
       "      <td>1.000000</td>\n",
       "      <td>0.567696</td>\n",
       "      <td>-0.068473</td>\n",
       "      <td>0.048706</td>\n",
       "      <td>0.112899</td>\n",
       "      <td>0.090016</td>\n",
       "      <td>0.366470</td>\n",
       "      <td>-0.282810</td>\n",
       "    </tr>\n",
       "    <tr>\n",
       "      <th>TRB</th>\n",
       "      <td>0.151986</td>\n",
       "      <td>0.131589</td>\n",
       "      <td>0.435740</td>\n",
       "      <td>-0.162278</td>\n",
       "      <td>0.029739</td>\n",
       "      <td>0.143354</td>\n",
       "      <td>-0.098344</td>\n",
       "      <td>0.072527</td>\n",
       "      <td>0.101069</td>\n",
       "      <td>-0.055476</td>\n",
       "      <td>0.567696</td>\n",
       "      <td>1.000000</td>\n",
       "      <td>0.064776</td>\n",
       "      <td>0.037475</td>\n",
       "      <td>0.064230</td>\n",
       "      <td>0.108264</td>\n",
       "      <td>0.249360</td>\n",
       "      <td>-0.127354</td>\n",
       "    </tr>\n",
       "    <tr>\n",
       "      <th>AST</th>\n",
       "      <td>0.598109</td>\n",
       "      <td>0.653447</td>\n",
       "      <td>0.222181</td>\n",
       "      <td>0.563085</td>\n",
       "      <td>0.436187</td>\n",
       "      <td>0.212124</td>\n",
       "      <td>0.389737</td>\n",
       "      <td>-0.146637</td>\n",
       "      <td>-0.157029</td>\n",
       "      <td>0.010720</td>\n",
       "      <td>-0.068473</td>\n",
       "      <td>0.064776</td>\n",
       "      <td>1.000000</td>\n",
       "      <td>0.025533</td>\n",
       "      <td>-0.115240</td>\n",
       "      <td>0.338544</td>\n",
       "      <td>0.011151</td>\n",
       "      <td>0.427658</td>\n",
       "    </tr>\n",
       "    <tr>\n",
       "      <th>PF</th>\n",
       "      <td>0.197630</td>\n",
       "      <td>0.087147</td>\n",
       "      <td>0.085400</td>\n",
       "      <td>0.034415</td>\n",
       "      <td>0.042535</td>\n",
       "      <td>0.045033</td>\n",
       "      <td>0.015663</td>\n",
       "      <td>0.238140</td>\n",
       "      <td>0.254328</td>\n",
       "      <td>-0.003043</td>\n",
       "      <td>0.048706</td>\n",
       "      <td>0.037475</td>\n",
       "      <td>0.025533</td>\n",
       "      <td>1.000000</td>\n",
       "      <td>0.318127</td>\n",
       "      <td>0.055940</td>\n",
       "      <td>0.034740</td>\n",
       "      <td>0.033048</td>\n",
       "    </tr>\n",
       "    <tr>\n",
       "      <th>dPF</th>\n",
       "      <td>0.219735</td>\n",
       "      <td>-0.113067</td>\n",
       "      <td>-0.074479</td>\n",
       "      <td>-0.071934</td>\n",
       "      <td>-0.110537</td>\n",
       "      <td>-0.048216</td>\n",
       "      <td>-0.105546</td>\n",
       "      <td>0.727275</td>\n",
       "      <td>0.794633</td>\n",
       "      <td>-0.053231</td>\n",
       "      <td>0.112899</td>\n",
       "      <td>0.064230</td>\n",
       "      <td>-0.115240</td>\n",
       "      <td>0.318127</td>\n",
       "      <td>1.000000</td>\n",
       "      <td>-0.034385</td>\n",
       "      <td>-0.022837</td>\n",
       "      <td>-0.020032</td>\n",
       "    </tr>\n",
       "    <tr>\n",
       "      <th>2P</th>\n",
       "      <td>0.474270</td>\n",
       "      <td>0.756990</td>\n",
       "      <td>0.373204</td>\n",
       "      <td>0.569860</td>\n",
       "      <td>-0.375571</td>\n",
       "      <td>-0.430748</td>\n",
       "      <td>-0.103331</td>\n",
       "      <td>-0.089311</td>\n",
       "      <td>-0.085174</td>\n",
       "      <td>-0.026172</td>\n",
       "      <td>0.090016</td>\n",
       "      <td>0.108264</td>\n",
       "      <td>0.338544</td>\n",
       "      <td>0.055940</td>\n",
       "      <td>-0.034385</td>\n",
       "      <td>1.000000</td>\n",
       "      <td>0.675399</td>\n",
       "      <td>0.565126</td>\n",
       "    </tr>\n",
       "    <tr>\n",
       "      <th>2PA</th>\n",
       "      <td>0.096150</td>\n",
       "      <td>0.345976</td>\n",
       "      <td>0.602820</td>\n",
       "      <td>-0.046155</td>\n",
       "      <td>-0.488106</td>\n",
       "      <td>-0.586768</td>\n",
       "      <td>-0.107944</td>\n",
       "      <td>-0.100444</td>\n",
       "      <td>-0.088921</td>\n",
       "      <td>-0.048849</td>\n",
       "      <td>0.366470</td>\n",
       "      <td>0.249360</td>\n",
       "      <td>0.011151</td>\n",
       "      <td>0.034740</td>\n",
       "      <td>-0.022837</td>\n",
       "      <td>0.675399</td>\n",
       "      <td>1.000000</td>\n",
       "      <td>-0.215640</td>\n",
       "    </tr>\n",
       "    <tr>\n",
       "      <th>2P%</th>\n",
       "      <td>0.518528</td>\n",
       "      <td>0.611685</td>\n",
       "      <td>-0.169588</td>\n",
       "      <td>0.800110</td>\n",
       "      <td>0.048578</td>\n",
       "      <td>0.086345</td>\n",
       "      <td>-0.016409</td>\n",
       "      <td>-0.003492</td>\n",
       "      <td>-0.010481</td>\n",
       "      <td>0.018336</td>\n",
       "      <td>-0.282810</td>\n",
       "      <td>-0.127354</td>\n",
       "      <td>0.427658</td>\n",
       "      <td>0.033048</td>\n",
       "      <td>-0.020032</td>\n",
       "      <td>0.565126</td>\n",
       "      <td>-0.215640</td>\n",
       "      <td>1.000000</td>\n",
       "    </tr>\n",
       "  </tbody>\n",
       "</table>\n",
       "</div>"
      ],
      "text/plain": [
       "           Tm        FG       FGA       FG%        3P       3PA       3P%  \\\n",
       "Tm   1.000000  0.846016  0.333783  0.697524  0.512616  0.223511  0.485915   \n",
       "FG   0.846016  1.000000  0.463739  0.774318  0.321288  0.055968  0.383137   \n",
       "FGA  0.333783  0.463739  1.000000 -0.196833  0.116880  0.292369 -0.123293   \n",
       "FG%  0.697524  0.774318 -0.196833  1.000000  0.272389 -0.144444  0.513022   \n",
       "3P   0.512616  0.321288  0.116880  0.272389  1.000000  0.703646  0.693179   \n",
       "3PA  0.223511  0.055968  0.292369 -0.144444  0.703646  1.000000  0.004250   \n",
       "3P%  0.485915  0.383137 -0.123293  0.513022  0.693179  0.004250  1.000000   \n",
       "FT   0.317082 -0.157738 -0.176675 -0.047302 -0.094294 -0.058918 -0.069856   \n",
       "FTA  0.275733 -0.162608 -0.166233 -0.060102 -0.107197 -0.062130 -0.085560   \n",
       "FT%  0.148915 -0.009713 -0.053827  0.027767  0.024153  0.003920  0.032836   \n",
       "ORB  0.055868  0.050793  0.537403 -0.322385 -0.058414  0.106166 -0.184587   \n",
       "TRB  0.151986  0.131589  0.435740 -0.162278  0.029739  0.143354 -0.098344   \n",
       "AST  0.598109  0.653447  0.222181  0.563085  0.436187  0.212124  0.389737   \n",
       "PF   0.197630  0.087147  0.085400  0.034415  0.042535  0.045033  0.015663   \n",
       "dPF  0.219735 -0.113067 -0.074479 -0.071934 -0.110537 -0.048216 -0.105546   \n",
       "2P   0.474270  0.756990  0.373204  0.569860 -0.375571 -0.430748 -0.103331   \n",
       "2PA  0.096150  0.345976  0.602820 -0.046155 -0.488106 -0.586768 -0.107944   \n",
       "2P%  0.518528  0.611685 -0.169588  0.800110  0.048578  0.086345 -0.016409   \n",
       "\n",
       "           FT       FTA       FT%       ORB       TRB       AST        PF  \\\n",
       "Tm   0.317082  0.275733  0.148915  0.055868  0.151986  0.598109  0.197630   \n",
       "FG  -0.157738 -0.162608 -0.009713  0.050793  0.131589  0.653447  0.087147   \n",
       "FGA -0.176675 -0.166233 -0.053827  0.537403  0.435740  0.222181  0.085400   \n",
       "FG% -0.047302 -0.060102  0.027767 -0.322385 -0.162278  0.563085  0.034415   \n",
       "3P  -0.094294 -0.107197  0.024153 -0.058414  0.029739  0.436187  0.042535   \n",
       "3PA -0.058918 -0.062130  0.003920  0.106166  0.143354  0.212124  0.045033   \n",
       "3P% -0.069856 -0.085560  0.032836 -0.184587 -0.098344  0.389737  0.015663   \n",
       "FT   1.000000  0.929364  0.315545  0.065010  0.072527 -0.146637  0.238140   \n",
       "FTA  0.929364  1.000000 -0.033893  0.102399  0.101069 -0.157029  0.254328   \n",
       "FT%  0.315545 -0.033893  1.000000 -0.081888 -0.055476  0.010720 -0.003043   \n",
       "ORB  0.065010  0.102399 -0.081888  1.000000  0.567696 -0.068473  0.048706   \n",
       "TRB  0.072527  0.101069 -0.055476  0.567696  1.000000  0.064776  0.037475   \n",
       "AST -0.146637 -0.157029  0.010720 -0.068473  0.064776  1.000000  0.025533   \n",
       "PF   0.238140  0.254328 -0.003043  0.048706  0.037475  0.025533  1.000000   \n",
       "dPF  0.727275  0.794633 -0.053231  0.112899  0.064230 -0.115240  0.318127   \n",
       "2P  -0.089311 -0.085174 -0.026172  0.090016  0.108264  0.338544  0.055940   \n",
       "2PA -0.100444 -0.088921 -0.048849  0.366470  0.249360  0.011151  0.034740   \n",
       "2P% -0.003492 -0.010481  0.018336 -0.282810 -0.127354  0.427658  0.033048   \n",
       "\n",
       "          dPF        2P       2PA       2P%  \n",
       "Tm   0.219735  0.474270  0.096150  0.518528  \n",
       "FG  -0.113067  0.756990  0.345976  0.611685  \n",
       "FGA -0.074479  0.373204  0.602820 -0.169588  \n",
       "FG% -0.071934  0.569860 -0.046155  0.800110  \n",
       "3P  -0.110537 -0.375571 -0.488106  0.048578  \n",
       "3PA -0.048216 -0.430748 -0.586768  0.086345  \n",
       "3P% -0.105546 -0.103331 -0.107944 -0.016409  \n",
       "FT   0.727275 -0.089311 -0.100444 -0.003492  \n",
       "FTA  0.794633 -0.085174 -0.088921 -0.010481  \n",
       "FT% -0.053231 -0.026172 -0.048849  0.018336  \n",
       "ORB  0.112899  0.090016  0.366470 -0.282810  \n",
       "TRB  0.064230  0.108264  0.249360 -0.127354  \n",
       "AST -0.115240  0.338544  0.011151  0.427658  \n",
       "PF   0.318127  0.055940  0.034740  0.033048  \n",
       "dPF  1.000000 -0.034385 -0.022837 -0.020032  \n",
       "2P  -0.034385  1.000000  0.675399  0.565126  \n",
       "2PA -0.022837  0.675399  1.000000 -0.215640  \n",
       "2P% -0.020032  0.565126 -0.215640  1.000000  "
      ]
     },
     "execution_count": 22,
     "metadata": {},
     "output_type": "execute_result"
    }
   ],
   "source": [
    "data1 = ['Tm', 'FG', 'FGA', 'FG%', '3P', '3PA',\n",
    "       '3P%', 'FT', 'FTA', 'FT%', 'ORB', 'TRB', 'AST',\n",
    "       'PF', 'dPF']\n",
    "data2 = ['Tm', 'ORtg', 'DRtg', 'Pace', 'FTr',\n",
    "       '3PAr', 'TS%', 'TRB%', 'AST%', 'STL%', 'BLK%', 'eFG%', 'TOV%', 'ORB%',\n",
    "       'FT/FGA', 'deFG%', 'dTOV%', 'dDRB%', 'dFT/FGA', 'FG', '3P']\n",
    "for x in data1:\n",
    "    temp[x] = pd.to_numeric(temp[x], downcast='float')\n",
    "for x in data2:\n",
    "    temp[x] = pd.to_numeric(temp[x], downcast='float')\n",
    "    \n",
    "temp['2P'] = temp['FG'] - temp['3P']\n",
    "temp['2PA'] = temp['FGA'] - temp['3PA']\n",
    "temp['2P%'] = temp['2P']/temp['2PA']\n",
    "\n",
    "    \n",
    "data1.append('2P')\n",
    "data1.append('2PA')\n",
    "data1.append('2P%')\n",
    "data2.append('2P')\n",
    "data2.append('2PA')\n",
    "data2.append('2P%')\n",
    "temp[data1].corr()"
   ]
  },
  {
   "cell_type": "code",
   "execution_count": 18,
   "metadata": {
    "scrolled": true
   },
   "outputs": [
    {
     "data": {
      "text/html": [
       "<div>\n",
       "<style scoped>\n",
       "    .dataframe tbody tr th:only-of-type {\n",
       "        vertical-align: middle;\n",
       "    }\n",
       "\n",
       "    .dataframe tbody tr th {\n",
       "        vertical-align: top;\n",
       "    }\n",
       "\n",
       "    .dataframe thead th {\n",
       "        text-align: right;\n",
       "    }\n",
       "</style>\n",
       "<table border=\"1\" class=\"dataframe\">\n",
       "  <thead>\n",
       "    <tr style=\"text-align: right;\">\n",
       "      <th></th>\n",
       "      <th>Tm</th>\n",
       "      <th>ORtg</th>\n",
       "      <th>DRtg</th>\n",
       "      <th>Pace</th>\n",
       "      <th>FTr</th>\n",
       "      <th>3PAr</th>\n",
       "      <th>TS%</th>\n",
       "      <th>TRB%</th>\n",
       "      <th>AST%</th>\n",
       "      <th>STL%</th>\n",
       "      <th>...</th>\n",
       "      <th>ORB%</th>\n",
       "      <th>FT/FGA</th>\n",
       "      <th>deFG%</th>\n",
       "      <th>dTOV%</th>\n",
       "      <th>dDRB%</th>\n",
       "      <th>dFT/FGA</th>\n",
       "      <th>FG</th>\n",
       "      <th>3P</th>\n",
       "      <th>2P</th>\n",
       "      <th>2PA</th>\n",
       "    </tr>\n",
       "  </thead>\n",
       "  <tbody>\n",
       "    <tr>\n",
       "      <th>Tm</th>\n",
       "      <td>1.000000</td>\n",
       "      <td>0.862146</td>\n",
       "      <td>0.136818</td>\n",
       "      <td>0.386374</td>\n",
       "      <td>0.175108</td>\n",
       "      <td>0.107270</td>\n",
       "      <td>0.764305</td>\n",
       "      <td>0.295933</td>\n",
       "      <td>0.126007</td>\n",
       "      <td>0.004005</td>\n",
       "      <td>...</td>\n",
       "      <td>0.180686</td>\n",
       "      <td>0.218351</td>\n",
       "      <td>0.082039</td>\n",
       "      <td>-0.070878</td>\n",
       "      <td>0.018131</td>\n",
       "      <td>0.129889</td>\n",
       "      <td>0.846016</td>\n",
       "      <td>0.512616</td>\n",
       "      <td>0.474270</td>\n",
       "      <td>0.096150</td>\n",
       "    </tr>\n",
       "    <tr>\n",
       "      <th>ORtg</th>\n",
       "      <td>0.862146</td>\n",
       "      <td>1.000000</td>\n",
       "      <td>0.174269</td>\n",
       "      <td>-0.055488</td>\n",
       "      <td>0.120519</td>\n",
       "      <td>0.108584</td>\n",
       "      <td>0.845866</td>\n",
       "      <td>0.336270</td>\n",
       "      <td>0.129867</td>\n",
       "      <td>-0.028348</td>\n",
       "      <td>...</td>\n",
       "      <td>0.261572</td>\n",
       "      <td>0.182505</td>\n",
       "      <td>0.079106</td>\n",
       "      <td>-0.129129</td>\n",
       "      <td>-0.035302</td>\n",
       "      <td>0.081547</td>\n",
       "      <td>0.743089</td>\n",
       "      <td>0.503123</td>\n",
       "      <td>0.380088</td>\n",
       "      <td>-0.050600</td>\n",
       "    </tr>\n",
       "    <tr>\n",
       "      <th>DRtg</th>\n",
       "      <td>0.136818</td>\n",
       "      <td>0.174269</td>\n",
       "      <td>1.000000</td>\n",
       "      <td>-0.055488</td>\n",
       "      <td>0.067270</td>\n",
       "      <td>0.000317</td>\n",
       "      <td>0.096807</td>\n",
       "      <td>-0.336175</td>\n",
       "      <td>-0.051179</td>\n",
       "      <td>-0.239518</td>\n",
       "      <td>...</td>\n",
       "      <td>0.035284</td>\n",
       "      <td>0.081547</td>\n",
       "      <td>0.814956</td>\n",
       "      <td>-0.296352</td>\n",
       "      <td>-0.261614</td>\n",
       "      <td>0.182505</td>\n",
       "      <td>0.092869</td>\n",
       "      <td>0.046849</td>\n",
       "      <td>0.058563</td>\n",
       "      <td>0.018809</td>\n",
       "    </tr>\n",
       "    <tr>\n",
       "      <th>Pace</th>\n",
       "      <td>0.386374</td>\n",
       "      <td>-0.055488</td>\n",
       "      <td>-0.055488</td>\n",
       "      <td>1.000000</td>\n",
       "      <td>0.152249</td>\n",
       "      <td>0.026149</td>\n",
       "      <td>0.043135</td>\n",
       "      <td>0.000011</td>\n",
       "      <td>0.041760</td>\n",
       "      <td>0.080987</td>\n",
       "      <td>...</td>\n",
       "      <td>-0.127681</td>\n",
       "      <td>0.125505</td>\n",
       "      <td>0.025731</td>\n",
       "      <td>0.115265</td>\n",
       "      <td>0.127681</td>\n",
       "      <td>0.125505</td>\n",
       "      <td>0.299442</td>\n",
       "      <td>0.090260</td>\n",
       "      <td>0.230778</td>\n",
       "      <td>0.206158</td>\n",
       "    </tr>\n",
       "    <tr>\n",
       "      <th>FTr</th>\n",
       "      <td>0.175108</td>\n",
       "      <td>0.120519</td>\n",
       "      <td>0.067270</td>\n",
       "      <td>0.152249</td>\n",
       "      <td>1.000000</td>\n",
       "      <td>0.014096</td>\n",
       "      <td>0.166642</td>\n",
       "      <td>0.037870</td>\n",
       "      <td>-0.056423</td>\n",
       "      <td>0.007543</td>\n",
       "      <td>...</td>\n",
       "      <td>0.006795</td>\n",
       "      <td>0.939185</td>\n",
       "      <td>0.002151</td>\n",
       "      <td>-0.011016</td>\n",
       "      <td>-0.043524</td>\n",
       "      <td>0.146445</td>\n",
       "      <td>-0.262701</td>\n",
       "      <td>-0.127658</td>\n",
       "      <td>-0.169015</td>\n",
       "      <td>-0.228388</td>\n",
       "    </tr>\n",
       "    <tr>\n",
       "      <th>3PAr</th>\n",
       "      <td>0.107270</td>\n",
       "      <td>0.108584</td>\n",
       "      <td>0.000317</td>\n",
       "      <td>0.026149</td>\n",
       "      <td>0.014096</td>\n",
       "      <td>1.000000</td>\n",
       "      <td>0.164618</td>\n",
       "      <td>-0.040055</td>\n",
       "      <td>0.270386</td>\n",
       "      <td>-0.025559</td>\n",
       "      <td>...</td>\n",
       "      <td>-0.100530</td>\n",
       "      <td>0.018086</td>\n",
       "      <td>-0.007726</td>\n",
       "      <td>-0.050521</td>\n",
       "      <td>0.021905</td>\n",
       "      <td>-0.036688</td>\n",
       "      <td>-0.114671</td>\n",
       "      <td>0.688304</td>\n",
       "      <td>-0.587163</td>\n",
       "      <td>-0.834042</td>\n",
       "    </tr>\n",
       "    <tr>\n",
       "      <th>TS%</th>\n",
       "      <td>0.764305</td>\n",
       "      <td>0.845866</td>\n",
       "      <td>0.096807</td>\n",
       "      <td>0.043135</td>\n",
       "      <td>0.166642</td>\n",
       "      <td>0.164618</td>\n",
       "      <td>1.000000</td>\n",
       "      <td>0.261070</td>\n",
       "      <td>0.207653</td>\n",
       "      <td>-0.007802</td>\n",
       "      <td>...</td>\n",
       "      <td>-0.058889</td>\n",
       "      <td>0.231582</td>\n",
       "      <td>0.021723</td>\n",
       "      <td>-0.097487</td>\n",
       "      <td>-0.015339</td>\n",
       "      <td>0.038083</td>\n",
       "      <td>0.643128</td>\n",
       "      <td>0.506442</td>\n",
       "      <td>0.279968</td>\n",
       "      <td>-0.288565</td>\n",
       "    </tr>\n",
       "    <tr>\n",
       "      <th>TRB%</th>\n",
       "      <td>0.295933</td>\n",
       "      <td>0.336270</td>\n",
       "      <td>-0.336175</td>\n",
       "      <td>0.000011</td>\n",
       "      <td>0.037870</td>\n",
       "      <td>-0.040055</td>\n",
       "      <td>0.261070</td>\n",
       "      <td>1.000000</td>\n",
       "      <td>0.029128</td>\n",
       "      <td>-0.144000</td>\n",
       "      <td>...</td>\n",
       "      <td>0.608007</td>\n",
       "      <td>0.057241</td>\n",
       "      <td>-0.249958</td>\n",
       "      <td>-0.178283</td>\n",
       "      <td>0.607960</td>\n",
       "      <td>-0.057230</td>\n",
       "      <td>0.280850</td>\n",
       "      <td>0.094104</td>\n",
       "      <td>0.209930</td>\n",
       "      <td>0.068504</td>\n",
       "    </tr>\n",
       "    <tr>\n",
       "      <th>AST%</th>\n",
       "      <td>0.126007</td>\n",
       "      <td>0.129867</td>\n",
       "      <td>-0.051179</td>\n",
       "      <td>0.041760</td>\n",
       "      <td>-0.056423</td>\n",
       "      <td>0.270386</td>\n",
       "      <td>0.207653</td>\n",
       "      <td>0.029128</td>\n",
       "      <td>1.000000</td>\n",
       "      <td>0.004979</td>\n",
       "      <td>...</td>\n",
       "      <td>-0.088922</td>\n",
       "      <td>-0.049846</td>\n",
       "      <td>-0.049000</td>\n",
       "      <td>-0.027446</td>\n",
       "      <td>0.032928</td>\n",
       "      <td>-0.042275</td>\n",
       "      <td>0.079212</td>\n",
       "      <td>0.320802</td>\n",
       "      <td>-0.143833</td>\n",
       "      <td>-0.254106</td>\n",
       "    </tr>\n",
       "    <tr>\n",
       "      <th>STL%</th>\n",
       "      <td>0.004005</td>\n",
       "      <td>-0.028348</td>\n",
       "      <td>-0.239518</td>\n",
       "      <td>0.080987</td>\n",
       "      <td>0.007543</td>\n",
       "      <td>-0.025559</td>\n",
       "      <td>-0.007802</td>\n",
       "      <td>-0.144000</td>\n",
       "      <td>0.004979</td>\n",
       "      <td>1.000000</td>\n",
       "      <td>...</td>\n",
       "      <td>0.002992</td>\n",
       "      <td>0.006182</td>\n",
       "      <td>0.024985</td>\n",
       "      <td>0.733138</td>\n",
       "      <td>-0.108157</td>\n",
       "      <td>0.014505</td>\n",
       "      <td>0.012634</td>\n",
       "      <td>-0.037757</td>\n",
       "      <td>0.038417</td>\n",
       "      <td>0.026422</td>\n",
       "    </tr>\n",
       "    <tr>\n",
       "      <th>BLK%</th>\n",
       "      <td>0.031326</td>\n",
       "      <td>0.009106</td>\n",
       "      <td>-0.207534</td>\n",
       "      <td>0.052416</td>\n",
       "      <td>-0.012085</td>\n",
       "      <td>-0.023810</td>\n",
       "      <td>0.024914</td>\n",
       "      <td>0.068386</td>\n",
       "      <td>0.037251</td>\n",
       "      <td>0.051788</td>\n",
       "      <td>...</td>\n",
       "      <td>0.020938</td>\n",
       "      <td>-0.014495</td>\n",
       "      <td>-0.269501</td>\n",
       "      <td>0.024156</td>\n",
       "      <td>-0.051597</td>\n",
       "      <td>0.038627</td>\n",
       "      <td>0.052346</td>\n",
       "      <td>-0.024250</td>\n",
       "      <td>0.067963</td>\n",
       "      <td>0.028205</td>\n",
       "    </tr>\n",
       "    <tr>\n",
       "      <th>eFG%</th>\n",
       "      <td>0.728916</td>\n",
       "      <td>0.814956</td>\n",
       "      <td>0.079106</td>\n",
       "      <td>0.025731</td>\n",
       "      <td>-0.016281</td>\n",
       "      <td>0.165751</td>\n",
       "      <td>0.964235</td>\n",
       "      <td>0.250083</td>\n",
       "      <td>0.224117</td>\n",
       "      <td>-0.009866</td>\n",
       "      <td>...</td>\n",
       "      <td>-0.063050</td>\n",
       "      <td>-0.004710</td>\n",
       "      <td>0.020222</td>\n",
       "      <td>-0.094271</td>\n",
       "      <td>-0.006454</td>\n",
       "      <td>0.007740</td>\n",
       "      <td>0.720816</td>\n",
       "      <td>0.547264</td>\n",
       "      <td>0.327832</td>\n",
       "      <td>-0.247689</td>\n",
       "    </tr>\n",
       "    <tr>\n",
       "      <th>TOV%</th>\n",
       "      <td>-0.217473</td>\n",
       "      <td>-0.296352</td>\n",
       "      <td>-0.129129</td>\n",
       "      <td>0.115265</td>\n",
       "      <td>0.073689</td>\n",
       "      <td>0.071634</td>\n",
       "      <td>0.121890</td>\n",
       "      <td>0.178348</td>\n",
       "      <td>0.083703</td>\n",
       "      <td>0.036345</td>\n",
       "      <td>...</td>\n",
       "      <td>0.017315</td>\n",
       "      <td>0.073370</td>\n",
       "      <td>-0.094271</td>\n",
       "      <td>0.076711</td>\n",
       "      <td>0.005741</td>\n",
       "      <td>-0.020099</td>\n",
       "      <td>-0.226268</td>\n",
       "      <td>-0.037910</td>\n",
       "      <td>-0.195286</td>\n",
       "      <td>-0.327123</td>\n",
       "    </tr>\n",
       "    <tr>\n",
       "      <th>ORB%</th>\n",
       "      <td>0.180686</td>\n",
       "      <td>0.261572</td>\n",
       "      <td>0.035284</td>\n",
       "      <td>-0.127681</td>\n",
       "      <td>0.006795</td>\n",
       "      <td>-0.100530</td>\n",
       "      <td>-0.058889</td>\n",
       "      <td>0.608007</td>\n",
       "      <td>-0.088922</td>\n",
       "      <td>0.002992</td>\n",
       "      <td>...</td>\n",
       "      <td>1.000000</td>\n",
       "      <td>0.004366</td>\n",
       "      <td>0.006432</td>\n",
       "      <td>-0.005753</td>\n",
       "      <td>0.021189</td>\n",
       "      <td>0.044367</td>\n",
       "      <td>0.173259</td>\n",
       "      <td>-0.009500</td>\n",
       "      <td>0.176121</td>\n",
       "      <td>0.260484</td>\n",
       "    </tr>\n",
       "    <tr>\n",
       "      <th>FT/FGA</th>\n",
       "      <td>0.218351</td>\n",
       "      <td>0.182505</td>\n",
       "      <td>0.081547</td>\n",
       "      <td>0.125505</td>\n",
       "      <td>0.939185</td>\n",
       "      <td>0.018086</td>\n",
       "      <td>0.231582</td>\n",
       "      <td>0.057241</td>\n",
       "      <td>-0.049846</td>\n",
       "      <td>0.006182</td>\n",
       "      <td>...</td>\n",
       "      <td>0.004366</td>\n",
       "      <td>1.000000</td>\n",
       "      <td>0.007740</td>\n",
       "      <td>-0.020099</td>\n",
       "      <td>-0.044395</td>\n",
       "      <td>0.143818</td>\n",
       "      <td>-0.252535</td>\n",
       "      <td>-0.114904</td>\n",
       "      <td>-0.167867</td>\n",
       "      <td>-0.230696</td>\n",
       "    </tr>\n",
       "    <tr>\n",
       "      <th>deFG%</th>\n",
       "      <td>0.082039</td>\n",
       "      <td>0.079106</td>\n",
       "      <td>0.814956</td>\n",
       "      <td>0.025731</td>\n",
       "      <td>0.002151</td>\n",
       "      <td>-0.007726</td>\n",
       "      <td>0.021723</td>\n",
       "      <td>-0.249958</td>\n",
       "      <td>-0.049000</td>\n",
       "      <td>0.024985</td>\n",
       "      <td>...</td>\n",
       "      <td>0.006432</td>\n",
       "      <td>0.007740</td>\n",
       "      <td>1.000000</td>\n",
       "      <td>0.111131</td>\n",
       "      <td>0.063030</td>\n",
       "      <td>-0.004710</td>\n",
       "      <td>0.072650</td>\n",
       "      <td>0.025708</td>\n",
       "      <td>0.053362</td>\n",
       "      <td>0.052153</td>\n",
       "    </tr>\n",
       "    <tr>\n",
       "      <th>dTOV%</th>\n",
       "      <td>-0.070878</td>\n",
       "      <td>-0.129129</td>\n",
       "      <td>-0.296352</td>\n",
       "      <td>0.115265</td>\n",
       "      <td>-0.011016</td>\n",
       "      <td>-0.050521</td>\n",
       "      <td>-0.097487</td>\n",
       "      <td>-0.178283</td>\n",
       "      <td>-0.027446</td>\n",
       "      <td>0.733138</td>\n",
       "      <td>...</td>\n",
       "      <td>-0.005753</td>\n",
       "      <td>-0.020099</td>\n",
       "      <td>0.111131</td>\n",
       "      <td>1.000000</td>\n",
       "      <td>-0.017271</td>\n",
       "      <td>0.073370</td>\n",
       "      <td>-0.050183</td>\n",
       "      <td>-0.076420</td>\n",
       "      <td>0.003617</td>\n",
       "      <td>0.058331</td>\n",
       "    </tr>\n",
       "    <tr>\n",
       "      <th>dDRB%</th>\n",
       "      <td>0.018131</td>\n",
       "      <td>-0.035302</td>\n",
       "      <td>-0.261614</td>\n",
       "      <td>0.127681</td>\n",
       "      <td>-0.043524</td>\n",
       "      <td>0.021905</td>\n",
       "      <td>-0.015339</td>\n",
       "      <td>0.607960</td>\n",
       "      <td>0.032928</td>\n",
       "      <td>-0.108157</td>\n",
       "      <td>...</td>\n",
       "      <td>0.021189</td>\n",
       "      <td>-0.044395</td>\n",
       "      <td>0.063030</td>\n",
       "      <td>-0.017271</td>\n",
       "      <td>1.000000</td>\n",
       "      <td>-0.004374</td>\n",
       "      <td>0.026704</td>\n",
       "      <td>0.039484</td>\n",
       "      <td>-0.001110</td>\n",
       "      <td>0.018706</td>\n",
       "    </tr>\n",
       "    <tr>\n",
       "      <th>dFT/FGA</th>\n",
       "      <td>0.129889</td>\n",
       "      <td>0.081547</td>\n",
       "      <td>0.182505</td>\n",
       "      <td>0.125505</td>\n",
       "      <td>0.146445</td>\n",
       "      <td>-0.036688</td>\n",
