{
 "cells": [
  {
   "cell_type": "code",
   "execution_count": 1,
   "metadata": {},
   "outputs": [],
   "source": [
    "from urllib.request import urlopen\n",
    "from bs4 import BeautifulSoup\n",
    "import pandas as pd\n",
    "import matplotlib.pyplot as plot\n",
    "import numpy as np\n",
    "import math"
   ]
  },
  {
   "cell_type": "code",
   "execution_count": 2,
   "metadata": {},
   "outputs": [],
   "source": [
    "team_codes = ['PHI', 'MIL', 'CHI', 'CLE', 'BOS', 'LAC', 'MEM', 'ATL', 'MIA', 'CHA', 'UTA', 'SAC', 'NYK', \n",
    "             'LAL', 'ORL', 'DAL', 'BRK', 'DEN', 'IND', 'NOP', 'DET', 'TOR', 'HOU', 'SAS', 'PHX', 'OKC', \n",
    "             'MIN', 'POR', 'GSW', 'WAS']"
   ]
  },
  {
   "cell_type": "code",
   "execution_count": 10,
   "metadata": {},
   "outputs": [],
   "source": [
    "def get_data(year, team, advanced):\n",
    "    \n",
    "    url = \"https://www.basketball-reference.com/teams/{}/{}/gamelog-advanced/\".format(team, year) if advanced else \"https://www.basketball-reference.com/teams/{}/{}/gamelog/\".format(team, year)\n",
    "    html = urlopen(url)\n",
    "    soup = BeautifulSoup(html, 'lxml')\n",
    "\n",
    "    headers = [th.getText() for th in soup.findAll('tr', limit=2)[1].findAll('th')]\n",
    "    headers = headers[1:]\n",
    "    rows = soup.findAll('tr')[2:]\n",
    "    gamelog = [[td.getText() for td in rows[i].findAll('td')]\n",
    "                for i in range(len(rows))]\n",
    "\n",
    "    stats = pd.DataFrame(gamelog, columns = headers)\n",
    "    stats = stats.dropna()\n",
    "    stats = stats.reset_index(drop=True)\n",
    "\n",
    "    stats = stats.loc[:,~stats.columns.duplicated()]\n",
    "    return stats\n"
   ]
  },
  {
   "cell_type": "code",
   "execution_count": 35,
   "metadata": {},
   "outputs": [
    {
     "name": "stdout",
     "output_type": "stream",
     "text": [
      "Index(['G', 'Date', ' ', 'Opp', 'W/L', 'Tm', 'FG', 'FGA', 'FG%', '3P', '3PA',\n",
      "       '3P%', 'FT', 'FTA', 'FT%', 'ORB', 'TRB', 'AST', 'STL', 'BLK', 'TOV',\n",
      "       'PF'],\n",
      "      dtype='object')\n"
     ]
    },
    {
     "data": {
      "text/html": [
       "<div>\n",
       "<style scoped>\n",
       "    .dataframe tbody tr th:only-of-type {\n",
       "        vertical-align: middle;\n",
       "    }\n",
       "\n",
       "    .dataframe tbody tr th {\n",
       "        vertical-align: top;\n",
       "    }\n",
       "\n",
       "    .dataframe thead th {\n",
       "        text-align: right;\n",
       "    }\n",
       "</style>\n",
       "<table border=\"1\" class=\"dataframe\">\n",
       "  <thead>\n",
       "    <tr style=\"text-align: right;\">\n",
       "      <th></th>\n",
       "      <th>Tm</th>\n",
       "      <th>FG</th>\n",
       "      <th>FGA</th>\n",
       "      <th>FG%</th>\n",
       "      <th>3P</th>\n",
       "      <th>3PA</th>\n",
       "      <th>3P%</th>\n",
       "      <th>FT</th>\n",
       "      <th>FTA</th>\n",
       "      <th>FT%</th>\n",
       "      <th>ORB</th>\n",
       "      <th>TRB</th>\n",
       "      <th>AST</th>\n",
       "      <th>STL</th>\n",
       "      <th>BLK</th>\n",
       "      <th>TOV</th>\n",
       "      <th>PF</th>\n",
       "    </tr>\n",
       "  </thead>\n",
       "  <tbody>\n",
       "    <tr>\n",
       "      <th>Tm</th>\n",
       "      <td>1.000000</td>\n",
       "      <td>0.801489</td>\n",
       "      <td>0.310631</td>\n",
       "      <td>0.656761</td>\n",
       "      <td>0.434033</td>\n",
       "      <td>0.209481</td>\n",
       "      <td>0.433519</td>\n",
       "      <td>0.345042</td>\n",
       "      <td>0.341525</td>\n",
       "      <td>0.087273</td>\n",
       "      <td>0.185312</td>\n",
       "      <td>0.191657</td>\n",
       "      <td>0.463429</td>\n",
       "      <td>0.014258</td>\n",
       "      <td>-0.005477</td>\n",
       "      <td>-0.128547</td>\n",
       "      <td>0.344399</td>\n",
       "    </tr>\n",
       "    <tr>\n",
       "      <th>FG</th>\n",
       "      <td>0.801489</td>\n",
       "      <td>1.000000</td>\n",
       "      <td>0.485010</td>\n",
       "      <td>0.752495</td>\n",
       "      <td>0.267969</td>\n",
       "      <td>0.041386</td>\n",
       "      <td>0.372357</td>\n",
       "      <td>-0.202912</td>\n",
       "      <td>-0.171476</td>\n",
       "      <td>-0.157487</td>\n",
       "      <td>0.222342</td>\n",
       "      <td>0.281144</td>\n",
       "      <td>0.389114</td>\n",
       "      <td>-0.078249</td>\n",
       "      <td>0.073665</td>\n",
       "      <td>-0.144183</td>\n",
       "      <td>0.252075</td>\n",
       "    </tr>\n",
       "    <tr>\n",
       "      <th>FGA</th>\n",
       "      <td>0.310631</td>\n",
       "      <td>0.485010</td>\n",
       "      <td>1.000000</td>\n",
       "      <td>-0.207454</td>\n",
       "      <td>0.098694</td>\n",
       "      <td>0.246801</td>\n",
       "      <td>-0.101647</td>\n",
       "      <td>-0.218382</td>\n",
       "      <td>-0.242940</td>\n",
       "      <td>0.035997</td>\n",
       "      <td>0.611424</td>\n",
       "      <td>0.548441</td>\n",
       "      <td>0.104450</td>\n",
       "      <td>-0.050727</td>\n",
       "      <td>0.055214</td>\n",
       "      <td>-0.238382</td>\n",
       "      <td>0.278833</td>\n",
       "    </tr>\n",
       "    <tr>\n",
       "      <th>FG%</th>\n",
       "      <td>0.656761</td>\n",
       "      <td>0.752495</td>\n",
       "      <td>-0.207454</td>\n",
       "      <td>1.000000</td>\n",
       "      <td>0.228825</td>\n",
       "      <td>-0.129644</td>\n",
       "      <td>0.489713</td>\n",
       "      <td>-0.073407</td>\n",
       "      <td>-0.021311</td>\n",
       "      <td>-0.201899</td>\n",
       "      <td>-0.214997</td>\n",
       "      <td>-0.093193</td>\n",
       "      <td>0.360174</td>\n",
       "      <td>-0.065078</td>\n",
       "      <td>0.042721</td>\n",
       "      <td>0.017043</td>\n",
       "      <td>0.052991</td>\n",
       "    </tr>\n",
       "    <tr>\n",
       "      <th>3P</th>\n",
       "      <td>0.434033</td>\n",
       "      <td>0.267969</td>\n",
       "      <td>0.098694</td>\n",
       "      <td>0.228825</td>\n",
       "      <td>1.000000</td>\n",
       "      <td>0.765494</td>\n",
       "      <td>0.722057</td>\n",
       "      <td>-0.177873</td>\n",
       "      <td>-0.178356</td>\n",
       "      <td>-0.085462</td>\n",
       "      <td>-0.128613</td>\n",
       "      <td>0.006554</td>\n",
       "      <td>0.526991</td>\n",
       "      <td>-0.188788</td>\n",
       "      <td>-0.075277</td>\n",
       "      <td>0.094267</td>\n",
       "      <td>0.109286</td>\n",
       "    </tr>\n",
       "    <tr>\n",
       "      <th>3PA</th>\n",
       "      <td>0.209481</td>\n",
       "      <td>0.041386</td>\n",
       "      <td>0.246801</td>\n",
       "      <td>-0.129644</td>\n",
       "      <td>0.765494</td>\n",
       "      <td>1.000000</td>\n",
       "      <td>0.131624</td>\n",
       "      <td>-0.112102</td>\n",
       "      <td>-0.152733</td>\n",
       "      <td>0.076659</td>\n",
       "      <td>-0.014339</td>\n",
       "      <td>0.100791</td>\n",
       "      <td>0.427770</td>\n",
       "      <td>-0.072103</td>\n",
       "      <td>-0.041867</td>\n",
       "      <td>0.083025</td>\n",
       "      <td>-0.018861</td>\n",
       "    </tr>\n",
       "    <tr>\n",
       "      <th>3P%</th>\n",
       "      <td>0.433519</td>\n",
       "      <td>0.372357</td>\n",
       "      <td>-0.101647</td>\n",
       "      <td>0.489713</td>\n",
       "      <td>0.722057</td>\n",
       "      <td>0.131624</td>\n",
       "      <td>1.000000</td>\n",
       "      <td>-0.179270</td>\n",
       "      <td>-0.138366</td>\n",
       "      <td>-0.214189</td>\n",
       "      <td>-0.188558</td>\n",
       "      <td>-0.074867</td>\n",
       "      <td>0.303049</td>\n",
       "      <td>-0.215719</td>\n",
       "      <td>-0.064823</td>\n",
       "      <td>0.046203</td>\n",
       "      <td>0.130962</td>\n",
       "    </tr>\n",
       "    <tr>\n",
       "      <th>FT</th>\n",
       "      <td>0.345042</td>\n",
       "      <td>-0.202912</td>\n",
       "      <td>-0.218382</td>\n",
       "      <td>-0.073407</td>\n",
       "      <td>-0.177873</td>\n",
       "      <td>-0.112102</td>\n",
       "      <td>-0.179270</td>\n",
       "      <td>1.000000</td>\n",
       "      <td>0.948097</td>\n",
       "      <td>0.430429</td>\n",
       "      <td>0.070439</td>\n",
       "      <td>-0.078491</td>\n",
       "      <td>-0.044441</td>\n",
       "      <td>0.242919</td>\n",
       "      <td>-0.076163</td>\n",
       "      <td>-0.066333</td>\n",
       "      <td>0.175900</td>\n",
       "    </tr>\n",
       "    <tr>\n",
       "      <th>FTA</th>\n",
       "      <td>0.341525</td>\n",
       "      <td>-0.171476</td>\n",
       "      <td>-0.242940</td>\n",
       "      <td>-0.021311</td>\n",
       "      <td>-0.178356</td>\n",
       "      <td>-0.152733</td>\n",
       "      <td>-0.138366</td>\n",
       "      <td>0.948097</td>\n",
       "      <td>1.000000</td>\n",
       "      <td>0.142588</td>\n",
       "      <td>0.054111</td>\n",
       "      <td>-0.063876</td>\n",
       "      <td>-0.014118</td>\n",
       "      <td>0.249844</td>\n",
       "      <td>-0.034830</td>\n",
       "      <td>-0.000919</td>\n",
       "      <td>0.209885</td>\n",
       "    </tr>\n",
       "    <tr>\n",
       "      <th>FT%</th>\n",
       "      <td>0.087273</td>\n",
       "      <td>-0.157487</td>\n",
       "      <td>0.035997</td>\n",
       "      <td>-0.201899</td>\n",
       "      <td>-0.085462</td>\n",
       "      <td>0.076659</td>\n",
       "      <td>-0.214189</td>\n",
       "      <td>0.430429</td>\n",
       "      <td>0.142588</td>\n",
       "      <td>1.000000</td>\n",
       "      <td>0.131898</td>\n",
       "      <td>-0.007241</td>\n",
       "      <td>-0.123173</td>\n",
       "      <td>0.092096</td>\n",
       "      <td>-0.089081</td>\n",
       "      <td>-0.151067</td>\n",
       "      <td>0.018700</td>\n",
       "    </tr>\n",
       "    <tr>\n",
       "      <th>ORB</th>\n",
       "      <td>0.185312</td>\n",
       "      <td>0.222342</td>\n",
       "      <td>0.611424</td>\n",
       "      <td>-0.214997</td>\n",
       "      <td>-0.128613</td>\n",
       "      <td>-0.014339</td>\n",
       "      <td>-0.188558</td>\n",
       "      <td>0.070439</td>\n",
       "      <td>0.054111</td>\n",
       "      <td>0.131898</td>\n",
       "      <td>1.000000</td>\n",
       "      <td>0.712921</td>\n",
       "      <td>-0.108911</td>\n",
       "      <td>-0.000255</td>\n",
       "      <td>0.078233</td>\n",
       "      <td>0.092588</td>\n",
       "      <td>0.207933</td>\n",
       "    </tr>\n",
       "    <tr>\n",
       "      <th>TRB</th>\n",
       "      <td>0.191657</td>\n",
       "      <td>0.281144</td>\n",
       "      <td>0.548441</td>\n",
       "      <td>-0.093193</td>\n",
       "      <td>0.006554</td>\n",
       "      <td>0.100791</td>\n",
       "      <td>-0.074867</td>\n",
       "      <td>-0.078491</td>\n",
       "      <td>-0.063876</td>\n",
       "      <td>-0.007241</td>\n",
       "      <td>0.712921</td>\n",
       "      <td>1.000000</td>\n",
       "      <td>0.086177</td>\n",
       "      <td>-0.163807</td>\n",
       "      <td>0.219391</td>\n",
       "      <td>0.151673</td>\n",
       "      <td>0.066136</td>\n",
       "    </tr>\n",
       "    <tr>\n",
       "      <th>AST</th>\n",
       "      <td>0.463429</td>\n",
       "      <td>0.389114</td>\n",
       "      <td>0.104450</td>\n",
       "      <td>0.360174</td>\n",
       "      <td>0.526991</td>\n",
       "      <td>0.427770</td>\n",
       "      <td>0.303049</td>\n",
       "      <td>-0.044441</td>\n",
       "      <td>-0.014118</td>\n",
       "      <td>-0.123173</td>\n",
       "      <td>-0.108911</td>\n",
       "      <td>0.086177</td>\n",
       "      <td>1.000000</td>\n",
       "      <td>0.047112</td>\n",
       "      <td>0.066000</td>\n",
       "      <td>0.170062</td>\n",
       "      <td>0.262614</td>\n",
       "    </tr>\n",
       "    <tr>\n",
       "      <th>STL</th>\n",
       "      <td>0.014258</td>\n",
       "      <td>-0.078249</td>\n",
       "      <td>-0.050727</td>\n",
       "      <td>-0.065078</td>\n",
       "      <td>-0.188788</td>\n",
       "      <td>-0.072103</td>\n",
       "      <td>-0.215719</td>\n",
       "      <td>0.242919</td>\n",
       "      <td>0.249844</td>\n",
       "      <td>0.092096</td>\n",
       "      <td>-0.000255</td>\n",
       "      <td>-0.163807</td>\n",
       "      <td>0.047112</td>\n",
       "      <td>1.000000</td>\n",
       "      <td>-0.002596</td>\n",
       "      <td>0.157177</td>\n",
       "      <td>0.138727</td>\n",
       "    </tr>\n",
       "    <tr>\n",
       "      <th>BLK</th>\n",
       "      <td>-0.005477</td>\n",
       "      <td>0.073665</td>\n",
       "      <td>0.055214</td>\n",
       "      <td>0.042721</td>\n",
       "      <td>-0.075277</td>\n",
       "      <td>-0.041867</td>\n",
       "      <td>-0.064823</td>\n",
       "      <td>-0.076163</td>\n",
       "      <td>-0.034830</td>\n",
       "      <td>-0.089081</td>\n",
       "      <td>0.078233</td>\n",
       "      <td>0.219391</td>\n",
       "      <td>0.066000</td>\n",
       "      <td>-0.002596</td>\n",
       "      <td>1.000000</td>\n",
       "      <td>0.019384</td>\n",
       "      <td>0.067019</td>\n",
       "    </tr>\n",
       "    <tr>\n",
       "      <th>TOV</th>\n",
       "      <td>-0.128547</td>\n",
       "      <td>-0.144183</td>\n",
       "      <td>-0.238382</td>\n",
       "      <td>0.017043</td>\n",
       "      <td>0.094267</td>\n",
       "      <td>0.083025</td>\n",
       "      <td>0.046203</td>\n",
       "      <td>-0.066333</td>\n",
       "      <td>-0.000919</td>\n",
       "      <td>-0.151067</td>\n",
       "      <td>0.092588</td>\n",
       "      <td>0.151673</td>\n",
       "      <td>0.170062</td>\n",
       "      <td>0.157177</td>\n",
       "      <td>0.019384</td>\n",
       "      <td>1.000000</td>\n",
       "      <td>0.192192</td>\n",
       "    </tr>\n",
       "    <tr>\n",
       "      <th>PF</th>\n",
       "      <td>0.344399</td>\n",
       "      <td>0.252075</td>\n",
       "      <td>0.278833</td>\n",
       "      <td>0.052991</td>\n",
       "      <td>0.109286</td>\n",
       "      <td>-0.018861</td>\n",
       "      <td>0.130962</td>\n",
       "      <td>0.175900</td>\n",
       "      <td>0.209885</td>\n",
       "      <td>0.018700</td>\n",
       "      <td>0.207933</td>\n",
       "      <td>0.066136</td>\n",
       "      <td>0.262614</td>\n",
       "      <td>0.138727</td>\n",
       "      <td>0.067019</td>\n",
       "      <td>0.192192</td>\n",
       "      <td>1.000000</td>\n",
       "    </tr>\n",
       "  </tbody>\n",
       "</table>\n",
       "</div>"
      ],
      "text/plain": [
       "           Tm        FG       FGA       FG%        3P       3PA       3P%  \\\n",
       "Tm   1.000000  0.801489  0.310631  0.656761  0.434033  0.209481  0.433519   \n",
       "FG   0.801489  1.000000  0.485010  0.752495  0.267969  0.041386  0.372357   \n",
       "FGA  0.310631  0.485010  1.000000 -0.207454  0.098694  0.246801 -0.101647   \n",
       "FG%  0.656761  0.752495 -0.207454  1.000000  0.228825 -0.129644  0.489713   \n",
       "3P   0.434033  0.267969  0.098694  0.228825  1.000000  0.765494  0.722057   \n",
       "3PA  0.209481  0.041386  0.246801 -0.129644  0.765494  1.000000  0.131624   \n",
       "3P%  0.433519  0.372357 -0.101647  0.489713  0.722057  0.131624  1.000000   \n",
       "FT   0.345042 -0.202912 -0.218382 -0.073407 -0.177873 -0.112102 -0.179270   \n",
       "FTA  0.341525 -0.171476 -0.242940 -0.021311 -0.178356 -0.152733 -0.138366   \n",
       "FT%  0.087273 -0.157487  0.035997 -0.201899 -0.085462  0.076659 -0.214189   \n",
       "ORB  0.185312  0.222342  0.611424 -0.214997 -0.128613 -0.014339 -0.188558   \n",
       "TRB  0.191657  0.281144  0.548441 -0.093193  0.006554  0.100791 -0.074867   \n",
       "AST  0.463429  0.389114  0.104450  0.360174  0.526991  0.427770  0.303049   \n",
       "STL  0.014258 -0.078249 -0.050727 -0.065078 -0.188788 -0.072103 -0.215719   \n",
       "BLK -0.005477  0.073665  0.055214  0.042721 -0.075277 -0.041867 -0.064823   \n",
       "TOV -0.128547 -0.144183 -0.238382  0.017043  0.094267  0.083025  0.046203   \n",
       "PF   0.344399  0.252075  0.278833  0.052991  0.109286 -0.018861  0.130962   \n",
       "\n",
       "           FT       FTA       FT%       ORB       TRB       AST       STL  \\\n",
       "Tm   0.345042  0.341525  0.087273  0.185312  0.191657  0.463429  0.014258   \n",
       "FG  -0.202912 -0.171476 -0.157487  0.222342  0.281144  0.389114 -0.078249   \n",
       "FGA -0.218382 -0.242940  0.035997  0.611424  0.548441  0.104450 -0.050727   \n",
       "FG% -0.073407 -0.021311 -0.201899 -0.214997 -0.093193  0.360174 -0.065078   \n",
       "3P  -0.177873 -0.178356 -0.085462 -0.128613  0.006554  0.526991 -0.188788   \n",
       "3PA -0.112102 -0.152733  0.076659 -0.014339  0.100791  0.427770 -0.072103   \n",
       "3P% -0.179270 -0.138366 -0.214189 -0.188558 -0.074867  0.303049 -0.215719   \n",
       "FT   1.000000  0.948097  0.430429  0.070439 -0.078491 -0.044441  0.242919   \n",
       "FTA  0.948097  1.000000  0.142588  0.054111 -0.063876 -0.014118  0.249844   \n",
       "FT%  0.430429  0.142588  1.000000  0.131898 -0.007241 -0.123173  0.092096   \n",
       "ORB  0.070439  0.054111  0.131898  1.000000  0.712921 -0.108911 -0.000255   \n",
       "TRB -0.078491 -0.063876 -0.007241  0.712921  1.000000  0.086177 -0.163807   \n",
       "AST -0.044441 -0.014118 -0.123173 -0.108911  0.086177  1.000000  0.047112   \n",
       "STL  0.242919  0.249844  0.092096 -0.000255 -0.163807  0.047112  1.000000   \n",
       "BLK -0.076163 -0.034830 -0.089081  0.078233  0.219391  0.066000 -0.002596   \n",
       "TOV -0.066333 -0.000919 -0.151067  0.092588  0.151673  0.170062  0.157177   \n",
       "PF   0.175900  0.209885  0.018700  0.207933  0.066136  0.262614  0.138727   \n",
       "\n",
       "          BLK       TOV        PF  \n",
       "Tm  -0.005477 -0.128547  0.344399  \n",
       "FG   0.073665 -0.144183  0.252075  \n",
       "FGA  0.055214 -0.238382  0.278833  \n",
       "FG%  0.042721  0.017043  0.052991  \n",
       "3P  -0.075277  0.094267  0.109286  \n",
       "3PA -0.041867  0.083025 -0.018861  \n",
       "3P% -0.064823  0.046203  0.130962  \n",
       "FT  -0.076163 -0.066333  0.175900  \n",
       "FTA -0.034830 -0.000919  0.209885  \n",
       "FT% -0.089081 -0.151067  0.018700  \n",
       "ORB  0.078233  0.092588  0.207933  \n",
       "TRB  0.219391  0.151673  0.066136  \n",
       "AST  0.066000  0.170062  0.262614  \n",
       "STL -0.002596  0.157177  0.138727  \n",
       "BLK  1.000000  0.019384  0.067019  \n",
       "TOV  0.019384  1.000000  0.192192  \n",
       "PF   0.067019  0.192192  1.000000  "
      ]
     },
     "execution_count": 35,
     "metadata": {},
     "output_type": "execute_result"
    }
   ],
   "source": [
    "temp = get_data(2019, 'CLE', 0)\n",
    "print(temp.columns)\n",
    "data = ['Tm', 'FG', 'FGA', 'FG%', '3P', '3PA',\n",
    "       '3P%', 'FT', 'FTA', 'FT%', 'ORB', 'TRB', 'AST', 'STL', 'BLK', 'TOV',\n",
    "       'PF']\n",
    "for x in data:\n",
    "    temp[x] = pd.to_numeric(temp[x], downcast='float')\n",
    "temp[data].corr()"
   ]
  },
  {
   "cell_type": "code",
   "execution_count": 36,
   "metadata": {},
   "outputs": [
    {
     "name": "stdout",
     "output_type": "stream",
     "text": [
      "Index(['G', 'Date', ' ', 'Opp', 'W/L', 'Tm', 'ORtg', 'DRtg', 'Pace', 'FTr',\n",
      "       '3PAr', 'TS%', 'TRB%', 'AST%', 'STL%', 'BLK%', 'eFG%', 'TOV%', 'ORB%',\n",
      "       'FT/FGA', 'DRB%'],\n",
      "      dtype='object')\n"
     ]
    },
    {
     "data": {
      "text/html": [
       "<div>\n",
       "<style scoped>\n",
       "    .dataframe tbody tr th:only-of-type {\n",
       "        vertical-align: middle;\n",
       "    }\n",
       "\n",
       "    .dataframe tbody tr th {\n",
       "        vertical-align: top;\n",
       "    }\n",
       "\n",
       "    .dataframe thead th {\n",
       "        text-align: right;\n",
       "    }\n",
       "</style>\n",
       "<table border=\"1\" class=\"dataframe\">\n",
       "  <thead>\n",
       "    <tr style=\"text-align: right;\">\n",
       "      <th></th>\n",
       "      <th>Tm</th>\n",
       "      <th>ORtg</th>\n",
       "      <th>DRtg</th>\n",
       "      <th>Pace</th>\n",
       "      <th>FTr</th>\n",
       "      <th>3PAr</th>\n",
       "      <th>TS%</th>\n",
       "      <th>TRB%</th>\n",
       "      <th>AST%</th>\n",
       "      <th>STL%</th>\n",
       "      <th>BLK%</th>\n",
       "      <th>eFG%</th>\n",
       "      <th>TOV%</th>\n",
       "      <th>ORB%</th>\n",
       "      <th>FT/FGA</th>\n",
       "    </tr>\n",
       "  </thead>\n",
       "  <tbody>\n",
       "    <tr>\n",
       "      <th>Tm</th>\n",
       "      <td>1.000000</td>\n",
       "      <td>0.856057</td>\n",
       "      <td>0.141037</td>\n",
       "      <td>0.285829</td>\n",
       "      <td>0.258296</td>\n",
       "      <td>0.104160</td>\n",
       "      <td>0.739695</td>\n",
       "      <td>0.308589</td>\n",
       "      <td>0.006673</td>\n",
       "      <td>-0.051974</td>\n",
       "      <td>0.013109</td>\n",
       "      <td>0.673734</td>\n",
       "      <td>-0.220163</td>\n",
       "      <td>0.276489</td>\n",
       "      <td>0.269057</td>\n",
       "    </tr>\n",
       "    <tr>\n",
       "      <th>ORtg</th>\n",
       "      <td>0.856057</td>\n",
       "      <td>1.000000</td>\n",
       "      <td>0.257496</td>\n",
       "      <td>-0.133299</td>\n",
       "      <td>0.217825</td>\n",
       "      <td>0.086143</td>\n",
       "      <td>0.828085</td>\n",
       "      <td>0.296869</td>\n",
       "      <td>-0.099041</td>\n",
       "      <td>-0.091419</td>\n",
       "      <td>-0.017939</td>\n",
       "      <td>0.755260</td>\n",
       "      <td>-0.339105</td>\n",
       "      <td>0.296700</td>\n",
       "      <td>0.255931</td>\n",
       "    </tr>\n",
       "    <tr>\n",
       "      <th>DRtg</th>\n",
       "      <td>0.141037</td>\n",
       "      <td>0.257496</td>\n",
       "      <td>1.000000</td>\n",
       "      <td>-0.215759</td>\n",
       "      <td>0.240523</td>\n",
       "      <td>0.015551</td>\n",
       "      <td>0.272997</td>\n",
       "      <td>-0.412087</td>\n",
       "      <td>0.014010</td>\n",
       "      <td>-0.035270</td>\n",
       "      <td>-0.146760</td>\n",
       "      <td>0.181022</td>\n",
       "      <td>-0.090075</td>\n",
       "      <td>-0.164846</td>\n",
       "      <td>0.272598</td>\n",
       "    </tr>\n",
       "    <tr>\n",
       "      <th>Pace</th>\n",
       "      <td>0.285829</td>\n",
       "      <td>-0.133299</td>\n",
       "      <td>-0.215759</td>\n",
       "      <td>1.000000</td>\n",
       "      <td>0.221471</td>\n",
       "      <td>0.042598</td>\n",
       "      <td>-0.013657</td>\n",
       "      <td>0.103092</td>\n",
       "      <td>0.125060</td>\n",
       "      <td>0.091620</td>\n",
       "      <td>0.046971</td>\n",
       "      <td>-0.039798</td>\n",
       "      <td>0.224422</td>\n",
       "      <td>-0.038982</td>\n",
       "      <td>0.170719</td>\n",
       "    </tr>\n",
       "    <tr>\n",
       "      <th>FTr</th>\n",
       "      <td>0.258296</td>\n",
       "      <td>0.217825</td>\n",
       "      <td>0.240523</td>\n",
       "      <td>0.221471</td>\n",
       "      <td>1.000000</td>\n",
       "      <td>-0.040409</td>\n",
       "      <td>0.231398</td>\n",
       "      <td>-0.128673</td>\n",
       "      <td>0.114625</td>\n",
       "      <td>0.217458</td>\n",
       "      <td>-0.006957</td>\n",
       "      <td>-0.020130</td>\n",
       "      <td>0.019483</td>\n",
       "      <td>-0.024134</td>\n",
       "      <td>0.954076</td>\n",
       "    </tr>\n",
       "    <tr>\n",
       "      <th>3PAr</th>\n",
       "      <td>0.104160</td>\n",
       "      <td>0.086143</td>\n",
       "      <td>0.015551</td>\n",
       "      <td>0.042598</td>\n",
       "      <td>-0.040409</td>\n",
       "      <td>1.000000</td>\n",
       "      <td>0.235779</td>\n",
       "      <td>-0.151389</td>\n",
       "      <td>0.513246</td>\n",
       "      <td>-0.079018</td>\n",
       "      <td>-0.094664</td>\n",
       "      <td>0.232217</td>\n",
       "      <td>0.185396</td>\n",
       "      <td>-0.251842</td>\n",
       "      <td>-0.012549</td>\n",
       "    </tr>\n",
       "    <tr>\n",
       "      <th>TS%</th>\n",
       "      <td>0.739695</td>\n",
       "      <td>0.828085</td>\n",
       "      <td>0.272997</td>\n",
       "      <td>-0.013657</td>\n",
       "      <td>0.231398</td>\n",
       "      <td>0.235779</td>\n",
       "      <td>1.000000</td>\n",
       "      <td>0.115339</td>\n",
       "      <td>0.128902</td>\n",
       "      <td>-0.062916</td>\n",
       "      <td>-0.016747</td>\n",
       "      <td>0.947513</td>\n",
       "      <td>0.090588</td>\n",
       "      <td>-0.022237</td>\n",
       "      <td>0.235596</td>\n",
       "    </tr>\n",
       "    <tr>\n",
       "      <th>TRB%</th>\n",
       "      <td>0.308589</td>\n",
       "      <td>0.296869</td>\n",
       "      <td>-0.412087</td>\n",
       "      <td>0.103092</td>\n",
       "      <td>-0.128673</td>\n",
       "      <td>-0.151389</td>\n",
       "      <td>0.115339</td>\n",
       "      <td>1.000000</td>\n",
       "      <td>-0.182741</td>\n",
       "      <td>-0.169946</td>\n",
       "      <td>0.098816</td>\n",
       "      <td>0.157700</td>\n",
       "      <td>0.129445</td>\n",
       "      <td>0.811457</td>\n",
       "      <td>-0.136081</td>\n",
       "    </tr>\n",
       "    <tr>\n",
       "      <th>AST%</th>\n",
       "      <td>0.006673</td>\n",
       "      <td>-0.099041</td>\n",
       "      <td>0.014010</td>\n",
       "      <td>0.125060</td>\n",
       "      <td>0.114625</td>\n",
       "      <td>0.513246</td>\n",
       "      <td>0.128902</td>\n",
       "      <td>-0.182741</td>\n",
       "      <td>1.000000</td>\n",
       "      <td>0.076207</td>\n",
       "      <td>0.008825</td>\n",
       "      <td>0.108573</td>\n",
       "      <td>0.277282</td>\n",
       "      <td>-0.252316</td>\n",
       "      <td>0.102059</td>\n",
       "    </tr>\n",
       "    <tr>\n",
       "      <th>STL%</th>\n",
       "      <td>-0.051974</td>\n",
       "      <td>-0.091419</td>\n",
       "      <td>-0.035270</td>\n",
       "      <td>0.091620</td>\n",
       "      <td>0.217458</td>\n",
       "      <td>-0.079018</td>\n",
       "      <td>-0.062916</td>\n",
       "      <td>-0.169946</td>\n",
       "      <td>0.076207</td>\n",
       "      <td>1.000000</td>\n",
       "      <td>0.056811</td>\n",
       "      <td>-0.129617</td>\n",
       "      <td>0.118381</td>\n",
       "      <td>0.027184</td>\n",
       "      <td>0.217727</td>\n",
       "    </tr>\n",
       "    <tr>\n",
       "      <th>BLK%</th>\n",
       "      <td>0.013109</td>\n",
       "      <td>-0.017939</td>\n",
       "      <td>-0.146760</td>\n",
       "      <td>0.046971</td>\n",
       "      <td>-0.006957</td>\n",
       "      <td>-0.094664</td>\n",
       "      <td>-0.016747</td>\n",
       "      <td>0.098816</td>\n",
       "      <td>0.008825</td>\n",
       "      <td>0.056811</td>\n",
       "      <td>1.000000</td>\n",
       "      <td>0.010917</td>\n",
       "      <td>0.001481</td>\n",
       "      <td>0.094334</td>\n",
       "      <td>-0.048908</td>\n",
       "    </tr>\n",
       "    <tr>\n",
       "      <th>eFG%</th>\n",
       "      <td>0.673734</td>\n",
       "      <td>0.755260</td>\n",
       "      <td>0.181022</td>\n",
       "      <td>-0.039798</td>\n",
       "      <td>-0.020130</td>\n",
       "      <td>0.232217</td>\n",
       "      <td>0.947513</td>\n",
       "      <td>0.157700</td>\n",
       "      <td>0.108573</td>\n",
       "      <td>-0.129617</td>\n",
       "      <td>0.010917</td>\n",
       "      <td>1.000000</td>\n",
       "      <td>0.120649</td>\n",
       "      <td>-0.035951</td>\n",
       "      <td>-0.063931</td>\n",
       "    </tr>\n",
       "    <tr>\n",
       "      <th>TOV%</th>\n",
       "      <td>-0.220163</td>\n",
       "      <td>-0.339105</td>\n",
       "      <td>-0.090075</td>\n",
       "      <td>0.224422</td>\n",
       "      <td>0.019483</td>\n",
       "      <td>0.185396</td>\n",
       "      <td>0.090588</td>\n",
       "      <td>0.129445</td>\n",
       "      <td>0.277282</td>\n",
       "      <td>0.118381</td>\n",
       "      <td>0.001481</td>\n",
       "      <td>0.120649</td>\n",
       "      <td>1.000000</td>\n",
       "      <td>0.059583</td>\n",
       "      <td>-0.039854</td>\n",
       "    </tr>\n",
       "    <tr>\n",
       "      <th>ORB%</th>\n",
       "      <td>0.276489</td>\n",
       "      <td>0.296700</td>\n",
       "      <td>-0.164846</td>\n",
       "      <td>-0.038982</td>\n",
       "      <td>-0.024134</td>\n",
       "      <td>-0.251842</td>\n",
       "      <td>-0.022237</td>\n",
       "      <td>0.811457</td>\n",
       "      <td>-0.252316</td>\n",
       "      <td>0.027184</td>\n",
       "      <td>0.094334</td>\n",
       "      <td>-0.035951</td>\n",
       "      <td>0.059583</td>\n",
       "      <td>1.000000</td>\n",
       "      <td>0.000444</td>\n",
       "    </tr>\n",
       "    <tr>\n",
       "      <th>FT/FGA</th>\n",
       "      <td>0.269057</td>\n",
       "      <td>0.255931</td>\n",
       "      <td>0.272598</td>\n",
       "      <td>0.170719</td>\n",
       "      <td>0.954076</td>\n",
       "      <td>-0.012549</td>\n",
       "      <td>0.235596</td>\n",
       "      <td>-0.136081</td>\n",
       "      <td>0.102059</td>\n",
       "      <td>0.217727</td>\n",
       "      <td>-0.048908</td>\n",
       "      <td>-0.063931</td>\n",
       "      <td>-0.039854</td>\n",
       "      <td>0.000444</td>\n",
       "      <td>1.000000</td>\n",
       "    </tr>\n",
       "  </tbody>\n",
       "</table>\n",
       "</div>"
      ],
      "text/plain": [
       "              Tm      ORtg      DRtg      Pace       FTr      3PAr       TS%  \\\n",
       "Tm      1.000000  0.856057  0.141037  0.285829  0.258296  0.104160  0.739695   \n",
       "ORtg    0.856057  1.000000  0.257496 -0.133299  0.217825  0.086143  0.828085   \n",
       "DRtg    0.141037  0.257496  1.000000 -0.215759  0.240523  0.015551  0.272997   \n",
       "Pace    0.285829 -0.133299 -0.215759  1.000000  0.221471  0.042598 -0.013657   \n",
       "FTr     0.258296  0.217825  0.240523  0.221471  1.000000 -0.040409  0.231398   \n",
       "3PAr    0.104160  0.086143  0.015551  0.042598 -0.040409  1.000000  0.235779   \n",
       "TS%     0.739695  0.828085  0.272997 -0.013657  0.231398  0.235779  1.000000   \n",
       "TRB%    0.308589  0.296869 -0.412087  0.103092 -0.128673 -0.151389  0.115339   \n",
       "AST%    0.006673 -0.099041  0.014010  0.125060  0.114625  0.513246  0.128902   \n",
       "STL%   -0.051974 -0.091419 -0.035270  0.091620  0.217458 -0.079018 -0.062916   \n",
       "BLK%    0.013109 -0.017939 -0.146760  0.046971 -0.006957 -0.094664 -0.016747   \n",
       "eFG%    0.673734  0.755260  0.181022 -0.039798 -0.020130  0.232217  0.947513   \n",
       "TOV%   -0.220163 -0.339105 -0.090075  0.224422  0.019483  0.185396  0.090588   \n",
       "ORB%    0.276489  0.296700 -0.164846 -0.038982 -0.024134 -0.251842 -0.022237   \n",
       "FT/FGA  0.269057  0.255931  0.272598  0.170719  0.954076 -0.012549  0.235596   \n",
       "\n",
       "            TRB%      AST%      STL%      BLK%      eFG%      TOV%      ORB%  \\\n",
       "Tm      0.308589  0.006673 -0.051974  0.013109  0.673734 -0.220163  0.276489   \n",
       "ORtg    0.296869 -0.099041 -0.091419 -0.017939  0.755260 -0.339105  0.296700   \n",
       "DRtg   -0.412087  0.014010 -0.035270 -0.146760  0.181022 -0.090075 -0.164846   \n",
       "Pace    0.103092  0.125060  0.091620  0.046971 -0.039798  0.224422 -0.038982   \n",
       "FTr    -0.128673  0.114625  0.217458 -0.006957 -0.020130  0.019483 -0.024134   \n",
       "3PAr   -0.151389  0.513246 -0.079018 -0.094664  0.232217  0.185396 -0.251842   \n",
       "TS%     0.115339  0.128902 -0.062916 -0.016747  0.947513  0.090588 -0.022237   \n",
       "TRB%    1.000000 -0.182741 -0.169946  0.098816  0.157700  0.129445  0.811457   \n",
       "AST%   -0.182741  1.000000  0.076207  0.008825  0.108573  0.277282 -0.252316   \n",
       "STL%   -0.169946  0.076207  1.000000  0.056811 -0.129617  0.118381  0.027184   \n",
       "BLK%    0.098816  0.008825  0.056811  1.000000  0.010917  0.001481  0.094334   \n",
       "eFG%    0.157700  0.108573 -0.129617  0.010917  1.000000  0.120649 -0.035951   \n",
       "TOV%    0.129445  0.277282  0.118381  0.001481  0.120649  1.000000  0.059583   \n",
       "ORB%    0.811457 -0.252316  0.027184  0.094334 -0.035951  0.059583  1.000000   \n",
       "FT/FGA -0.136081  0.102059  0.217727 -0.048908 -0.063931 -0.039854  0.000444   \n",
       "\n",
       "          FT/FGA  \n",
       "Tm      0.269057  \n",
       "ORtg    0.255931  \n",
       "DRtg    0.272598  \n",
       "Pace    0.170719  \n",
       "FTr     0.954076  \n",
       "3PAr   -0.012549  \n",
       "TS%     0.235596  \n",
       "TRB%   -0.136081  \n",
       "AST%    0.102059  \n",
       "STL%    0.217727  \n",
       "BLK%   -0.048908  \n",
       "eFG%   -0.063931  \n",
       "TOV%   -0.039854  \n",
       "ORB%    0.000444  \n",
       "FT/FGA  1.000000  "
      ]
     },
     "execution_count": 36,
     "metadata": {},
     "output_type": "execute_result"
    }
   ],
   "source": [
    "temp = get_data(2019, 'CLE', 1)\n",
    "print(temp.columns)\n",
    "data = ['Tm', 'ORtg', 'DRtg', 'Pace', 'FTr',\n",
    "       '3PAr', 'TS%', 'TRB%', 'AST%', 'STL%', 'BLK%', 'eFG%', 'TOV%', 'ORB%',\n",
    "       'FT/FGA']\n",
    "for x in data:\n",
    "    temp[x] = pd.to_numeric(temp[x], downcast='float')\n",
    "temp[data].corr()"
   ]
  },
  {
   "cell_type": "code",
   "execution_count": null,
   "metadata": {},
   "outputs": [],
   "source": []
  },
  {
   "cell_type": "code",
   "execution_count": null,
   "metadata": {},
   "outputs": [],
   "source": [
    "fgs = list(stats['Tm'])\n",
    "fgs = [int(i) for i in fgs] \n",
    "plot.hist(fgs, bins = 9)\n"
   ]
  },
  {
   "cell_type": "code",
   "execution_count": null,
   "metadata": {},
   "outputs": [],
   "source": []
  }
 ],
 "metadata": {
  "kernelspec": {
   "display_name": "Python 3",
   "language": "python",
   "name": "python3"
  },
  "language_info": {
   "codemirror_mode": {
    "name": "ipython",
    "version": 3
   },
   "file_extension": ".py",
   "mimetype": "text/x-python",
   "name": "python",
   "nbconvert_exporter": "python",
   "pygments_lexer": "ipython3",
   "version": "3.6.5"
  }
 },
 "nbformat": 4,
 "nbformat_minor": 2
}
